0,483
0,337
0,479
0,335
0,477
0,334
0,333
0,594
0,331
0,592
0,327
0,591
0,326
0,703
0,322
0,701
0,319
0,700
0,318
0,699
0,698
0,317
0,697
0,313
0,696
0,312
0,695
0,694
0,243
0,693
0,9
0,473
0,467
0,310
0,305
0,371
0,308
0,307
0,302
0,304
0,303
0,516
0,12
0,417
0,10
0,8
0,0
0,348
0,502
0,300
0,587
0,299
0,439
0,316
0,298
0,579
0,297
0,499
0,423
0,296
0,628
0,311
0,295
0,465
0,498
0,294
0,584
0,689
0,293
0,349
0,292
0,496
0,309
0,291
0,624
0,290
0,301
0,289
0,395
0,288
0,551
0,650
0,287
0,286
0,422
0,526
0,285
0,284
0,575
0,393
0,283
0,586
0,547
0,282
0,391
0,281
0,411
0,585
0,280
0,682
0,384
0,279
0,583
0,278
0,489
0,455
0,277
0,581
0,276
0,556
0,275
0,580
0,274
0,488
0,448
0,273
0,617
0,554
0,272
0,343
0,478
0,271
0,681
0,553
0,270
0,336
0,269
0,464
0,552
0,268
0,533
0,267
0,549
0,266
0,389
0,265
0,642
0,702
0,264
0,263
0,409
0,531
0,262
0,261
0,548
0,385
0,260
0,356
0,566
0,259
0,383
0,258
0,400
0,354
0,257
0,692
0,486
0,256
0,352
0,255
0,485
0,550
0,254
0,350
0,253
0,535
0,252
0,347
0,251
0,463
0,620
0,250
0,633
0,346
0,490
0,491
0,492
0,495
0,359
0,360
0,361
0,504
0,507
0,364
0,366
0,367
0,368
0,369
0,370
0,372
2,58
2,1
2,61
0,375
0,376
0,377
0,378
0,379
2,4
7105,0
0,381
0,382
0,387
0,390
0,392
0,396
0,399
0,517
0,402
0,403
7179,4
7179,157
7199,0
7179,1
7199,3
7179,87
7199,5
0,408
0,410
7199,151
7179,77
7179,72
0,412
3,1
0,413
0,414
7179,90
7179,8
7199,1
0,415
7179,122
7179,10
7179,11
7179,95
7179,103
7179,124
7179,100
7179,120
7199,33
7179,71
0,418
0,419
0,421
7179,68
7179,117
7179,113
7179,78
7179,79
0,425
0,426
0,429
7181,3
7180,0
0,435
7180,3
0,437
0,438
0,440
0,441
0,444
0,445
0,450
7173,0
0,452
7173,3
7173,1
0,457
0,459
0,461
0,494
0,501
0,518
0,530
0,537
0,540
0,541
0,543
0,544
0,555
0,558
0,560
0,562
0,563
0,565
0,567
0,569
0,571
0,572
0,610
0,611
0,616
0,619
0,621
0,623
0,625
0,627
0,629
0,632
0,635
0,636
0,638
0,639
0,646
0,651
0,658
0,660
0,662
0,664
0,670
0,672
0,677
0,678
0,680
0,683
0,685
0,687
0,688
2,2
2,5
2,7
2,9
2,10
2,12
2,13
2,15
2,16
2,18
2,20
2,21
2,23
2,24
2,26
2,28
2,29
2,31
2,32
2,34
2,35
2,45
2,57
2,59
25,0
25,1
25,3
26,1
26,2
26,4
27,0
27,2
27,3
28,1
28,3
28,4
29,0
29,1
29,3
30,1
30,2
31,0
31,1
31,3
32,0
32,1
32,3
33,0
33,2
33,3
34,0
34,2
34,3
35,0
35,1
35,3
37,0
37,1
37,3
37,4
39,1
39,2
39,4
42,1
42,2
42,4
45,0
45,2
45,4
45,5
67,0
67,1
67,3
68,0
68,2
68,4
69,0
69,2
69,3
70,1
70,3
70,4
71,0
71,1
71,3
72,0
72,2
73,0
73,1
73,3
73,4
74,1
74,3
75,0
75,2
75,3
76,0
76,2
76,3
77,0
77,1
77,3
77,4
79,1
79,3
79,4
81,1
81,2
81,4
84,1
84,2
84,4
87,0
87,2
87,3
87,5
7101,0
7101,1
7101,4
7103,0
7103,2
7103,4
7103,5
7104,1
7104,2
7104,4
7104,5
7109,0
7109,3
7110,0
7110,3
7112,0
7112,3
7114,0
7114,1
7114,4
7117,0
7117,3
7120,0
7120,1
7120,4
7120,5
7120,21
7120,31
7121,0
7121,3
7124,0
7124,3
7125,0
7125,3
7126,1
7126,3
7127,1
7127,3
7128,1
7128,3
7129,1
7130,0
7130,1
7135,0
7135,1
7135,7
7135,11
7135,12
7135,14
7135,15
7135,19
7135,20
7135,25
7138,1
7138,3
7142,1
7142,3
7148,0
7148,3
7148,9
7148,12
7148,13
7153,0
7153,3
7153,4
7153,9
7153,10
7153,12
7153,13
7156,0
7156,3
7162,0
7162,3
7162,9
7162,13
7162,15
7162,16
7162,18
7167,0
7167,3
7167,4
7167,9
7167,11
7167,12
7167,16
7167,17
7167,21
7167,25
7167,26
7167,30
7167,32
7167,35
7170,0
7170,3
7172,1
7172,3
7173,4
7173,5
7174,5
7174,8
7174,9
7174,11
7174,12
7174,16
7174,17
7174,19
7175,0
7175,1
7175,5
7175,6
7176,1
7176,6
7177,0
7177,3
7177,7
7178,1
7178,6
7179,2
7179,65
7179,66
7179,69
7179,70
7179,75
7179,80
7179,81
7179,85
7179,89
7179,92
7179,96
7179,97
7179,99
7179,101
7179,104
7179,105
7179,107
7179,109
7179,110
7179,112
7179,114
7179,116
7179,121
7179,123
7179,126
7179,127
7179,129
7179,130
7179,132
7179,134
7179,135
7179,137
7179,138
7179,140
7179,142
7179,143
7179,145
7179,146
7179,148
7179,150
7179,151
7179,153
7179,154
7179,156
7179,158
7179,160
7179,162
7179,163
7179,165
7179,166
7179,168
7179,170
7179,171
7179,173
7179,174
7179,176
7179,177
7179,179
7179,181
7179,182
7179,184
7179,185
7179,187
7179,189
7179,190
7180,1
7180,4
7180,8
7180,13
7180,15
7181,4
7181,8
7181,14
7181,15
7181,17
7181,19
7182,0
7182,3
7182,4
7182,6
7182,7
7182,9
7183,1
7183,3
7184,1
7184,3
7188,1
7189,0
7189,1
7190,0
7190,1
7191,0
7191,3
7192,0
7192,3
7199,2
7199,18
7199,19
7199,31
7199,45
7199,46
7199,48
7199,49
7199,53
7199,55
7199,56
7199,58
7199,59
7199,145
7199,146
7199,149
7199,150
7199,147
7199,144
7199,57
7199,54
7199,52
7199,47
7199,34
7199,30
7199,4
7192,1
7191,1
7190,3
7189,3
7188,3
7188,0
7184,0
7183,0
7182,8
7182,5
7182,1
7181,18
7181,16
7181,9
7181,1
7180,14
7180,7
7179,191
7179,188
7179,186
7179,183
7179,180
7179,178
7179,175
7179,172
7179,169
7179,167
7179,164
7179,161
7179,159
7179,155
7179,152
7179,149
7179,147
7179,144
7179,141
7179,139
7179,136
7179,133
7179,131
7179,128
7179,125
7179,118
7179,115
7179,111
7179,108
7179,106
7179,102
7179,98
7179,94
7179,91
7179,82
7179,76
7179,73
7179,67
7179,64
7178,3
7178,0
7177,1
7176,3
7176,0
7175,3
7174,21
7174,18
7174,13
7174,10
7174,7
7174,1
7173,2
7172,0
7170,1
7167,34
7167,28
7167,22
7167,20
7167,13
7167,10
7167,5
7167,1
7162,17
7162,14
7162,12
7162,1
7156,1
7153,14
7153,11
7153,5
7153,1
7148,14
7148,11
7148,1
7142,7
7142,0
7138,0
7135,21
7135,18
7135,13
7135,10
7135,3
7130,3
7129,3
7129,0
7128,0
7127,0
7126,0
7125,1
7124,1
7121,1
7120,44
7120,6
7120,3
7117,4
7117,1
7114,3
7112,4
7112,1
7110,1
7109,1
7105,2
7104,3
7104,0
7103,3
7103,1
7101,3
87,6
87,4
87,1
84,3
84,0
81,3
81,0
79,2
79,0
77,2
76,4
76,1
75,4
75,1
74,2
74,0
73,2
72,3
72,1
71,2
70,5
70,2
70,0
69,1
68,3
68,1
67,2
45,6
45,3
45,1
42,3
42,0
39,3
39,0
37,2
35,4
35,2
34,4
34,1
33,4
33,1
32,2
31,4
31,2
30,3
30,0
29,2
28,5
28,2
28,0
27,1
26,3
26,0
25,2
2,60
2,56
2,44
2,33
2,30
2,27
2,25
2,22
2,19
2,17
2,14
2,11
2,8
2,6
0,690
0,686
0,684
0,679
0,675
0,671
0,663
0,659
0,647
0,645
0,637
0,634
0,631
0,626
0,622
0,618
0,615
0,573
0,570
0,568
0,564
0,561
0,557
0,545
0,542
0,539
0,536
0,515
0,474
0,458
0,454
0,453
0,451
0,446
0,443
7174,3
7174,0
0,436
0,433
0,427
7181,0
7179,30
7179,83
0,424
0,420
7179,74
0,416
7179,86
7179,93
7179,88
7179,119
7179,9
7179,84
7179,7
2,63
3,3
7179,6
7179,5
3,0
0,407
0,406
0,405
0,404
7179,3
0,401
7179,0
7105,1
7105,3
0,430
0,380
1,1
1,3
1,0
0,374
0,373
2,3
2,0
0,449
0,510
0,363
0,503
0,497
0,358
0,357
0,529
0,249
0,482
0,462
0,248
0,674
0,525
0,247
0,493
0,246
0,481
0,520
0,245
0,630
0,244
0,519
0,242
0,344
0,241
0,431
0,475
0,240
0,239
0,398
0,673
0,238
0,237
0,514
0,339
0,236
0,538
0,669
0,235
0,345
0,234
0,386
0,460
0,233
0,342
0,582
0,232
0,340
0,665
0,231
0,338
0,577
0,230
0,330
0,229
0,608
0,512
0,228
0,484
0,667
0,227
0,329
0,226
0,314
0,534
0,225
0,306
0,328
0,224
0,668
0,532
0,223
0,397
0,607
0,222
0,524
0,221
0,606
0,447
0,220
0,522
0,219
0,605
0,218
0,394
0,324
0,217
0,604
0,216
0,513
0,661
0,215
0,603
0,214
0,323
0,325
0,213
0,528
0,657
0,212
0,321
0,211
0,365
0,480
0,210
0,320
0,666
0,209
0,332
0,652
0,208
0,511
0,315
0,207
0,649
0,206
0,602
0,614
0,205
0,654
0,472
0,204
0,509
0,203
0,442
0,428
0,202
0,476
0,201
0,653
0,613
0,200
0,600
0,487
0,199
0,508
0,198
0,599
0,546
0,197
0,609
0,196
0,598
0,195
0,388
0,506
0,194
0,597
0,193
0,601
0,648
0,192
0,596
0,63
0,593
0,432
0,62
0,527
0,644
0,61
0,471
0,60
0,353
0,456
0,59
0,469
0,355
0,58
0,505
0,643
0,57
0,468
0,523
0,56
0,641
0,55
0,595
0,351
0,54
0,500
0,676
0,53
0,466
0,52
0,521
0,559
0,51
0,691
0,50
0,341
0,640
0,49
0,574
0,590
0,48
0,470
0,578
0,47
0,434
0,589
0,46
0,612
0,576
0,45
0,588
0,6
0,5
0,1
0,362
0,11
0,4
0,2
0,3
0,7
